body0:
 m:0.4060094
 x:0.1056883
 y:0.4284119
 z:1.2908860
 vx:-0.2176326
 vy:-0.8871997
 vz:0.8033791
Written all to output_cuda_7000.csv
Simulated 50 frames for 7000 bodies
Simulation took 3.017589 seconds.
